id	comm_id
0	0
1	1
2	2
3	3
4	4
5	5
6	6
7	7
8	8
9	5
10	7
11	9
12	10
13	0
14	11
15	12
16	13
17	14
18	15
19	2
20	16
21	17
22	18
23	0
24	19
25	4
26	15
27	20
28	21
29	22
30	13
31	23
32	20
33	24
34	21
35	25
36	15
37	26
38	1
39	27
40	28
41	28
42	6
43	29
44	5
45	30
46	31
47	25
48	32
49	28
50	16
51	8
52	33
53	34
54	35
55	20
56	33
57	9
58	24
59	15
60	4
61	26
62	12
63	3
64	36
65	34
66	37
67	32
68	38
69	14
70	32
71	34
72	39
73	35
74	39
75	32
76	40
77	41
78	10
79	2
80	33
81	4
82	42
83	43
84	19
85	41
86	23
87	44
88	28
89	42
90	45
91	46
92	16
93	15
94	29
95	37
96	24
97	17
98	24
99	27
100	35
101	8
102	13
103	40
104	21
105	4
106	8
107	0
108	19
109	28
110	29
111	23
112	2
113	34
114	19
115	47
116	0
117	39
118	31
119	48
120	4
121	2
122	49
123	21
124	24
125	18
126	8
127	2
128	14
129	4
130	50
131	17
132	29
133	17
134	51
135	35
136	44
137	4
138	45
139	47
140	50
141	31
142	10
143	12
144	30
145	32
146	28
147	45
148	2
149	5
150	42
151	52
152	53
153	4
154	41
155	34
156	51
157	5
158	29
159	31
160	44
161	22
162	54
163	32
164	49
165	4
166	41
167	27
168	54
169	55
170	33
171	40
172	4
173	0
174	4
175	23
176	7
177	29
178	54
179	52
180	42
181	27
182	33
183	9
184	18
185	23
186	41
187	5
188	2
189	39
190	17
191	35
192	56
193	53
194	2
195	31
196	12
197	3
198	9
199	45
200	2
201	57
202	17
203	14
204	35
205	38
206	58
207	30
208	7
209	55
210	54
211	21
212	52
213	25
214	22
215	57
216	59
217	17
218	54
219	41
220	58
221	5
222	57
223	30
224	41
225	6
226	31
227	34
228	49
229	51
230	14
231	60
232	30
233	0
234	33
235	42
236	54
237	46
238	4
239	24
240	59
241	10
242	11
243	61
244	46
245	43
246	21
247	24
248	58
249	34
250	1
251	10
252	55
253	34
254	22
255	59
256	1
257	52
258	6
259	51
260	45
261	43
262	40
263	61
264	50
265	13
266	1
267	41
268	41
269	1
270	34
271	7
272	29
273	0
274	62
275	41
276	59
277	35
278	60
279	50
280	37
281	11
282	2
283	18
284	62
285	63
286	34
287	40
288	6
289	15
290	33
291	26
292	0
293	59
294	8
295	13
296	29
297	26
298	41
299	10
300	0
301	58
302	36
303	26
304	62
305	26
306	9
307	47
308	20
309	56
310	31
311	3
312	35
313	12
314	30
315	57
316	39
317	30
318	30
319	27
320	20
321	57
322	8
323	45
324	52
325	27
326	4
327	41
328	1
329	18
330	64
331	58
332	8
333	64
334	39
335	40
336	45
337	44
338	59
339	2
340	33
341	15
342	60
343	15
344	19
345	16
346	2
347	39
348	56
349	32
350	13
351	61
352	6
353	58
354	65
355	15
356	17
357	8
358	65
359	37
360	45
361	51
362	52
363	27
364	15
365	16
366	37
367	8
368	30
369	33
370	57
371	41
372	25
373	21
374	2
375	19
376	28
377	19
378	58
379	19
380	0
381	29
382	12
383	12
384	21
385	55
386	16
387	19
388	47
389	59
390	10
391	2
392	50
393	45
394	50
395	50
396	22
397	5
398	21
399	38
400	40
401	22
402	46
403	64
404	35
405	65
406	27
407	60
408	45
409	24
410	34
411	12
412	47
413	23
414	47
415	15
416	14
417	17
418	51
419	14
420	2
421	37
422	18
423	47
424	44
425	15
426	53
427	59
428	24
429	59
430	15
431	24
432	57
433	29
434	22
435	59
436	18
437	63
438	9
439	16
440	4
441	4
442	21
443	45
444	29
445	30
446	40
447	27
448	18
449	58
450	0
451	29
452	65
453	50
454	28
455	24
456	46
457	38
458	49
459	55
460	17
461	31
462	60
463	31
464	28
465	38
466	4
467	12
468	19
469	42
470	0
471	33
472	41
473	17
474	10
475	22
476	59
477	5
478	6
479	9
480	28
481	40
482	24
483	58
484	28
485	5
486	65
487	55
488	40
489	29
490	55
491	22
492	60
493	59
494	12
495	28
496	52
497	31
498	15
499	46
500	15
501	47
502	65
503	18
504	0
505	8
506	4
507	56
508	44
509	59
510	14
511	28
512	39
513	3
514	44
515	58
516	27
517	36
518	58
519	57
520	22
521	49
522	18
523	17
524	44
525	22
526	15
527	48
528	48
529	45
530	38
531	26
532	2
533	46
534	52
535	0
536	0
537	48
538	35
539	49
540	27
541	23
542	29
543	64
544	63
545	63
546	63
547	34
548	12
549	24
550	34
551	10
552	29
553	6
554	48
555	52
556	11
557	40
558	50
559	33
560	60
561	60
562	46
563	63
564	59
565	13
566	64
567	48
568	35
569	65
570	24
571	30
572	16
573	19
574	63
575	12
576	12
577	48
578	11
579	15
580	40
581	22
582	15
583	36
584	41
585	39
586	44
587	39
588	31
589	27
590	40
591	62
592	29
593	37
594	1
595	16
596	59
597	22
598	48
599	19
600	53
601	62
602	41
603	52
604	47
605	8
606	54
607	21
608	57
609	17
610	11
611	31
612	57
613	40
614	12
615	56
616	56
617	64
618	21
619	44
620	16
621	56
622	54
623	64
624	8
625	35
626	58
627	60
628	48
629	49
630	45
631	47
632	11
633	48
634	21
635	32
636	24
637	49
638	0
639	17
640	32
641	39
642	56
643	12
644	19
645	12
646	37
647	25
648	30
649	59
650	46
651	57
652	50
653	41
654	26
655	23
656	49
657	19
658	57
659	14
660	47
661	2
662	5
663	2
664	29
665	12
666	22
667	44
668	61
669	3
670	34
671	3
672	47
673	25
674	10
675	27
676	29
677	57
678	20
679	35
680	3
681	46
682	17
683	55
684	24
685	33
686	43
687	32
688	32
689	33
690	24
691	64
692	4
693	41
694	31
695	25
696	58
697	50
698	62
699	63
700	48
701	51
702	61
703	33
704	60
705	10
706	13
707	53
708	14
709	10
710	11
711	38
712	17
713	29
714	24
715	1
716	27
717	32
718	20
719	52
720	15
721	5
722	16
723	39
724	55
725	58
726	49
727	27
728	47
729	33
730	47
731	51
732	46
733	28
734	46
735	16
736	1
737	43
738	2
739	5
740	55
741	48
742	22
743	38
744	29
745	56
746	43
747	19
748	41
749	29
750	5
751	49
752	13
753	32
754	54
755	19
756	63
757	56
758	12
759	11
760	49
761	25
762	18
763	38
764	23
765	15
766	29
767	64
768	46
769	21
770	28
771	48
772	3
773	49
774	1
775	33
776	2
777	47
778	56
779	47
780	22
781	57
782	57
783	15
784	42
785	34
786	16
787	56
788	39
789	28
790	47
791	28
792	17
793	33
794	33
795	0
796	51
797	28
798	52
799	29
800	12
801	0
802	49
803	16
804	32
805	0
806	22
807	27
808	35
809	27
810	51
811	24
812	29
813	63
814	49
815	61
816	41
817	28
818	49
819	26
820	21
821	10
822	61
823	36
824	27
825	56
826	65
827	55
828	55
829	30
830	24
831	0
832	12
833	46
834	24
835	52
836	22
837	24
838	47
839	37
840	2
841	17
842	59
843	26
844	25
845	0
846	1
847	23
848	13
849	4
850	38
851	16
852	27
853	65
854	41
855	30
856	22
857	61
858	7
859	13
860	28
861	39
862	61
863	43
864	24
865	39
866	57
867	53
868	31
869	61
870	14
871	26
872	7
873	20
874	58
875	12
876	55
877	36
878	55
879	27
880	58
881	57
882	59
883	27
884	25
885	39
886	45
887	61
888	42
889	0
890	22
891	6
892	15
893	23
894	63
895	34
896	56
897	57
898	10
899	57
900	14
901	61
902	17
903	55
904	59
905	0
906	60
907	50
908	42
909	29
910	22
911	50
912	59
913	15
914	16
915	44
916	21
917	45
918	9
919	35
920	15
921	34
922	7
923	10
924	7
925	3
926	34
927	53
928	11
929	6
930	35
931	58
932	40
933	58
934	5
935	37
936	60
937	41
938	21
939	35
940	7
941	45
942	57
943	42
944	64
945	62
946	30
947	7
948	41
949	23
950	51
951	41
952	25
953	55
954	11
955	39
956	22
957	35
958	45
959	31
960	7
961	23
962	3
963	4
964	45
965	12
966	33
967	25
968	24
969	43
970	6
971	5
972	36
973	27
974	23
975	4
976	46
977	54
978	3
979	35
980	56
981	5
982	6
983	51
984	54
985	28
986	57
987	25
988	0
989	45
990	22
991	4
992	1
993	18
994	36
995	29
996	3
997	8
998	33
999	52
1000	28
1001	20
1002	43
1003	4
1004	58
1005	14
1006	41
1007	0
1008	14
1009	2
1010	26
1011	37
1012	52
1013	21
1014	43
1015	48
1016	17
1017	59
1018	26
1019	9
1020	29
1021	57
1022	51
1023	49
1024	53
1025	34
1026	54
1027	63
1028	38
1029	57
1030	43
1031	19
1032	24
1033	3
1034	37
1035	36
1036	49
1037	63
1038	8
1039	2
1040	0
1041	20
1042	37
1043	1
1044	35
1045	54
1046	42
1047	22
1048	12
1049	44
1050	30
1051	41
1052	40
1053	58
1054	61
1055	37
1056	38
1057	7
1058	51
1059	17
1060	3
1061	5
1062	27
1063	29
1064	27
1065	51
1066	56
1067	30
1068	42
1069	27
1070	27
1071	41
1072	19
1073	34
1074	16
1075	20
1076	23
1077	16
1078	52
1079	58
1080	17
1081	53
1082	52
1083	59
1084	22
1085	24
1086	32
1087	8
1088	31
1089	40
1090	25
1091	36
1092	19
1093	22
1094	5
1095	42
1096	52
1097	9
1098	15
1099	37
1100	35
1101	22
1102	8
1103	39
1104	65
1105	6
1106	48
1107	16
1108	28
1109	5
1110	34
1111	39
1112	54
1113	34
1114	4
1115	25
1116	48
1117	33
1118	62
1119	60
1120	24
1121	24
1122	62
1123	55
1124	38
1125	15
1126	16
1127	11
1128	63
1129	32
1130	49
1131	43
1132	30
1133	38
1134	51
1135	13
1136	28
1137	8
1138	10
1139	5
1140	35
1141	27
1142	43
1143	47
1144	56
1145	53
1146	13
1147	29
1148	47
1149	63
1150	35
1151	7
1152	42
1153	7
1154	29
1155	1
1156	45
1157	13
1158	27
1159	11
1160	30
1161	0
1162	65
1163	23
1164	30
1165	4
1166	50
1167	20
1168	10
1169	60
1170	50
1171	40
1172	64
1173	5
1174	30
1175	57
1176	51
1177	25
1178	9
1179	38
1180	33
1181	1
1182	19
1183	43
1184	4
1185	49
1186	24
1187	57
1188	7
1189	15
1190	24
1191	41
1192	29
1193	10
1194	38
1195	5
1196	38
1197	16
1198	8
1199	3
1200	52
1201	41
1202	12
1203	51
1204	18
1205	47
1206	61
1207	19
1208	50
1209	59
1210	45
1211	39
1212	62
1213	38
1214	31
1215	12
1216	39
1217	13
1218	61
1219	60
1220	63
1221	40
1222	62
1223	34
1224	14
1225	35
1226	25
1227	16
1228	22
1229	26
1230	45
1231	16
1232	46
1233	47
1234	60
1235	8
1236	6
1237	24
1238	30
1239	13
1240	24
1241	52
1242	28
1243	12
1244	46
1245	42
1246	5
1247	43
1248	12
1249	62
1250	48
1251	13
1252	9
1253	28
1254	9
1255	37
1256	18
1257	12
1258	28
1259	41
1260	0
1261	50
1262	38
1263	13
1264	24
1265	33
1266	20
1267	31
1268	29
1269	24
1270	22
1271	16
1272	27
1273	43
1274	3
1275	7
1276	61
1277	10
1278	36
1279	61
1280	4
1281	28
1282	13
1283	41
1284	60
1285	55
1286	51
1287	46
1288	13
1289	33
1290	27
1291	19
1292	53
1293	3
1294	56
1295	55
1296	59
1297	6
1298	45
1299	34
1300	19
1301	27
1302	52
1303	12
1304	57
1305	4
1306	17
1307	22
1308	23
1309	60
1310	9
1311	5
1312	29
1313	36
1314	24
1315	57
1316	31
1317	44
1318	34
1319	22
1320	10
1321	33
1322	16
1323	34
1324	15
1325	1
1326	36
1327	60
1328	10
1329	47
1330	21
1331	54
1332	15
1333	40
1334	40
1335	24
1336	20
1337	40
1338	2
1339	60
1340	43
1341	31
1342	28
1343	58
1344	25
1345	30
1346	14
1347	21
1348	59
1349	44
1350	56
1351	65
1352	27
1353	4
1354	40
1355	49
1356	34
1357	19
1358	8
1359	19
1360	26
1361	42
1362	1
1363	13
1364	32
1365	29
1366	35
1367	20
1368	37
1369	29
1370	12
1371	31
1372	2
1373	34
1374	62
1375	15
1376	49
1377	8
1378	12
1379	19
1380	36
1381	23
1382	17
1383	5
1384	2
1385	22
1386	18
1387	63
1388	46
1389	57
1390	64
1391	54
1392	55
1393	40
1394	18
1395	65
1396	64
1397	18
1398	60
1399	28
1400	30
1401	49
1402	58
1403	61
1404	57
1405	0
1406	25
1407	65
1408	18
1409	60
1410	11
1411	5
1412	27
1413	38
1414	13
1415	0
1416	57
1417	14
1418	5
1419	34
1420	43
1421	26
1422	3
1423	55
1424	24
1425	6
1426	26
1427	10
1428	1
1429	57
1430	52
1431	64
1432	48
1433	28
1434	60
1435	5
1436	52
1437	12
1438	43
1439	10
1440	40
1441	43
1442	25
1443	21
1444	48
1445	29
1446	46
1447	57
1448	19
1449	0
1450	18
1451	49
1452	18
1453	55
1454	51
1455	53
1456	5
1457	1
1458	15
1459	4
1460	25
1461	18
1462	38
1463	42
1464	40
1465	1
1466	33
1467	53
1468	61
1469	0
1470	21
1471	16
1472	0
1473	15
1474	48
1475	36
1476	32
1477	28
1478	51
1479	45
1480	4
1481	48
1482	53
1483	21
1484	26
1485	30
1486	26
1487	46
1488	33
1489	34
1490	56
1491	19
1492	45
1493	64
1494	57
1495	11
1496	0
1497	2
1498	1
1499	65
1500	29
1501	43
1502	19
1503	12
1504	25
1505	40
1506	21
1507	36
1508	18
1509	13
1510	43
1511	40
1512	12
1513	34
1514	51
1515	39
1516	57
1517	18
1518	42
1519	34
1520	17
1521	14
1522	56
1523	40
1524	0
1525	31
1526	33
1527	48
1528	14
1529	65
1530	22
1531	18
1532	21
1533	61
1534	23
1535	24
1536	5
1537	45
1538	58
1539	41
1540	31
1541	60
1542	40
1543	54
1544	37
1545	64
1546	62
1547	45
1548	28
1549	12
1550	30
1551	9
1552	27
1553	19
1554	37
1555	16
1556	9
1557	63
1558	60
1559	60
1560	39
1561	62
1562	25
1563	40
1564	50
1565	43
1566	22
1567	61
1568	7
1569	25
1570	8
1571	42
1572	59
1573	16
1574	19
1575	19
1576	20
1577	62
1578	32
1579	45
1580	49
1581	8
1582	10
1583	58
1584	18
1585	4
1586	42
1587	51
1588	49
1589	55
1590	40
1591	24
1592	10
1593	26
1594	60
1595	43
1596	58
1597	41
1598	40
1599	32
1600	44
1601	11
1602	6
1603	40
1604	7
1605	4
1606	23
1607	53
1608	10
1609	55
1610	9
1611	30
1612	15
1613	3
1614	60
1615	14
1616	1
1617	10
1618	52
1619	54
1620	4
1621	62
1622	4
1623	5
1624	46
1625	54
1626	6
1627	55
1628	23
1629	35
1630	47
1631	43
1632	44
1633	56
1634	43
1635	52
1636	12
1637	24
1638	54
1639	20
1640	44
1641	32
1642	52
1643	9
1644	25
1645	23
1646	33
1647	17
1648	57
1649	36
1650	12
1651	26
1652	47
1653	54
1654	56
1655	51
1656	59
1657	17
1658	46
1659	35
1660	14
1661	59
1662	52
1663	42
1664	1
1665	30
1666	32
1667	37
1668	61
1669	53
1670	33
1671	0
1672	49
1673	22
1674	32
1675	41
1676	4
1677	12
1678	6
1679	4
1680	23
1681	26
1682	38
1683	40
1684	8
1685	65
1686	9
1687	43
1688	58
1689	42
1690	23
1691	21
1692	30
1693	58
1694	51
1695	22
1696	8
1697	25
1698	44
1699	26
1700	28
1701	8
1702	25
1703	49
1704	47
1705	30
1706	23
1707	47
1708	22
1709	5
1710	8
1711	65
1712	38
1713	62
1714	45
1715	0
1716	52
1717	43
1718	58
1719	21
1720	6
1721	0
1722	20
1723	59
1724	19
1725	6
1726	58
1727	24
1728	12
1729	6
1730	27
1731	26
1732	49
1733	63
1734	7
1735	54
1736	13
1737	54
1738	41
1739	61
1740	65
1741	41
1742	27
1743	58
1744	30
1745	11
1746	7
1747	4
1748	23
1749	6
1750	19
1751	50
1752	9
1753	11
1754	33
1755	34
1756	38
1757	50
1758	13
1759	0
1760	49
1761	0
1762	37
1763	62
1764	6
1765	35
1766	3
1767	35
1768	10
1769	8
1770	14
1771	17
1772	1
1773	45
1774	49
1775	61
1776	44
1777	40
1778	51
1779	16
1780	3
1781	30
1782	65
1783	18
1784	28
1785	19
1786	32
1787	34
1788	40
1789	7
1790	30
1791	33
1792	60
1793	59
1794	13
1795	41
1796	32
1797	53
1798	41
1799	42
1800	20
1801	42
1802	46
1803	28
1804	37
1805	12
1806	16
1807	39
1808	53
1809	10
1810	2
1811	42
1812	64
1813	44
1814	60
1815	3
1816	36
1817	57
1818	22
1819	65
1820	58
1821	6
1822	38
1823	25
1824	6
1825	14
1826	7
1827	18
1828	42
1829	65
1830	26
1831	25
1832	10
1833	57
1834	38
1835	47
1836	8
1837	5
1838	45
1839	50
1840	4
1841	12
1842	9
1843	46
1844	53
1845	3
1846	46
1847	46
1848	6
1849	41
1850	2
1851	55
1852	61
1853	48
1854	18
1855	27
1856	13
1857	61
1858	52
1859	47
1860	29
1861	49
1862	12
1863	11
1864	21
1865	0
1866	3
1867	26
1868	62
1869	41
1870	54
1871	57
1872	13
1873	46
1874	33
1875	18
1876	61
1877	65
1878	14
1879	19
1880	39
1881	15
1882	54
1883	24
1884	15
1885	52
1886	49
1887	40
1888	47
1889	54
1890	22
1891	8
1892	4
1893	53
1894	21
1895	28
1896	30
1897	7
1898	36
1899	55
1900	46
1901	27
1902	0
1903	29
1904	21
1905	42
1906	7
1907	20
1908	38
1909	58
1910	63
1911	21
1912	3
1913	48
1914	40
1915	15
1916	58
1917	58
1918	52
1919	2
1920	3
1921	0
1922	13
1923	61
1924	34
1925	11
1926	47
1927	33
1928	42
1929	35
1930	38
1931	8
1932	41
1933	60
1934	41
1935	3
1936	39
1937	54
1938	27
1939	6
1940	37
1941	50
1942	1
1943	18
1944	24
1945	65
1946	37
1947	22
1948	40
1949	23
1950	54
1951	16
1952	59
1953	48
1954	51
1955	58
1956	18
1957	26
1958	15
1959	38
1960	28
1961	36
1962	20
1963	53
1964	29
1965	21
1966	35
1967	20
1968	20
1969	55
1970	51
1971	21
1972	32
1973	22
1974	30
1975	12
1976	50
1977	43
1978	46
1979	23
1980	8
1981	25
1982	38
1983	16
1984	20
1985	37
1986	52
1987	22
1988	17
1989	7
1990	46
1991	30
1992	19
1993	48
1994	14
1995	64
1996	44
1997	40
1998	28
1999	10
2000	52
2001	8
2002	30
2003	39
2004	33
2005	32
2006	33
2007	24
2008	34
2009	59
2010	29
2011	27
2012	65
2013	14
2014	33
2015	7
2016	36
2017	3
2018	44
2019	35
2020	23
2021	1
2022	32
2023	25
2024	29
2025	59
2026	54
2027	19
2028	17
2029	47
2030	62
2031	31
2032	18
2033	30
2034	28
2035	39
2036	49
2037	13
2038	8
2039	52
2040	44
2041	56
2042	22
2043	0
2044	15
2045	58
2046	5
2047	15
2048	40
2049	4
2050	21
2051	0
2052	17
2053	58
2054	7
2055	62
2056	13
2057	17
2058	12
2059	45
2060	33
2061	50
2062	62
2063	18
2064	22
2065	4
2066	2
2067	57
2068	47
2069	48
2070	6
2071	6
2072	8
2073	54
2074	26
2075	62
2076	25
2077	7
2078	65
2079	63
2080	46
2081	33
2082	40
2083	3
2084	19
2085	28
2086	0
2087	11
2088	23
2089	23
2090	34
2091	23
2092	52
2093	65
2094	51
2095	6
2096	19
2097	50
2098	12
2099	37
2100	23
2101	12
2102	35
2103	46
2104	60
2105	47
2106	22
2107	50
2108	28
2109	55
2110	26
2111	1
2112	62
2113	1
2114	48
2115	50
2116	12
2117	20
2118	51
2119	29
2120	31
2121	60
2122	64
2123	54
2124	55
2125	34
2126	1
2127	50
2128	62
2129	5
2130	32
2131	2
2132	32
2133	59
2134	52
2135	53
2136	48
2137	38
2138	27
2139	49
2140	43
2141	47
2142	27
2143	59
2144	21
2145	61
2146	34
2147	56
2148	29
2149	64
2150	3
2151	25
2152	20
2153	23
2154	57
2155	63
2156	60
2157	64
2158	38
2159	58
2160	13
2161	37
2162	14
2163	54
2164	33
2165	23
2166	29
2167	10
2168	24
2169	16
2170	48
2171	48
2172	5
2173	45
2174	4
2175	10
2176	49
2177	25
2178	7
2179	33
2180	26
2181	33
2182	7
2183	35
2184	35
2185	45
2186	54
2187	56
2188	4
2189	65
2190	12
2191	24
2192	13
2193	38
2194	20
2195	45
2196	12
2197	53
2198	38
2199	64
2200	4
2201	64
2202	33
2203	38
2204	18
2205	32
2206	24
2207	24
2208	50
2209	35
2210	46
2211	13
2212	45
2213	33
2214	35
2215	37
2216	9
2217	3
2218	19
2219	24
2220	35
2221	4
2222	4
2223	21
2224	40
2225	43
2226	51
2227	62
2228	55
2229	46
2230	58
2231	39
2232	11
2233	1
2234	25
2235	50
2236	59
2237	31
2238	41
2239	63
2240	12
2241	3
2242	38
2243	41
2244	7
2245	55
2246	26
2247	62
2248	31
2249	2
2250	22
2251	2
2252	20
2253	11
2254	0
2255	42
2256	6
2257	23
2258	44
2259	40
2260	23
2261	47
2262	60
2263	51
2264	61
2265	59
2266	63
2267	17
2268	25
2269	34
2270	30
2271	22
2272	55
2273	52
2274	13
2275	58
2276	1
2277	17
2278	57
2279	51
2280	34
2281	37
2282	15
2283	57
2284	44
2285	27
2286	16
2287	11
2288	12
2289	10
2290	51
2291	34
2292	28
2293	34
2294	23
2295	55
2296	41
2297	51
2298	3
2299	35
2300	34
2301	38
2302	16
2303	60
2304	28
2305	38
2306	45
2307	59
2308	64
2309	45
2310	47
2311	34
2312	18
2313	22
2314	31
2315	0
2316	65
2317	24
2318	35
2319	42
2320	27
2321	10
2322	33
2323	34
2324	24
2325	51
2326	56
2327	50
2328	55
2329	59
2330	38
2331	2
2332	59
2333	35
2334	55
2335	7
2336	38
2337	1
2338	51
2339	46
2340	51
2341	63
2342	47
2343	50
2344	45
2345	18
2346	3
2347	17
2348	58
2349	47
2350	14
2351	13
2352	17
2353	38
2354	45
2355	11
2356	62
2357	33
2358	18
2359	42
2360	19
2361	16
2362	40
2363	48
2364	39
2365	6
2366	37
2367	53
2368	33
2369	52
2370	28
2371	19
2372	35
2373	23
2374	16
2375	60
2376	57
2377	50
2378	63
2379	18
2380	8
2381	28
2382	7
2383	28
2384	38
2385	39
2386	61
2387	28
2388	16
2389	20
2390	6
2391	49
2392	4
2393	5
2394	44
2395	28
2396	13
2397	29
2398	6
2399	38
2400	8
2401	43
2402	60
2403	52
2404	5
2405	63
2406	16
2407	0
2408	1
2409	56
2410	44
2411	10
2412	13
2413	52
2414	52
2415	29
2416	25
2417	42
2418	38
2419	25
2420	49
2421	18
2422	15
2423	57
2424	43
2425	27
2426	1
2427	27
2428	16
2429	54
2430	32
2431	32
2432	36
2433	50
2434	13
2435	9
2436	43
2437	25
2438	10
2439	21
2440	20
2441	45
2442	46
2443	3
2444	37
2445	51
2446	11
2447	62
2448	25
2449	28
2450	46
2451	37
2452	41
2453	52
2454	49
2455	16
2456	25
2457	19
2458	47
2459	33
2460	0
2461	15
2462	11
2463	8
2464	23
2465	43
2466	57
2467	11
2468	51
2469	24
2470	19
2471	29
2472	7
2473	19
2474	12
2475	22
2476	6
2477	0
2478	19
2479	19
2480	48
2481	41
2482	3
2483	37
2484	28
2485	24
2486	57
2487	1
2488	50
2489	14
2490	42
2491	63
2492	14
2493	46
2494	20
2495	51
2496	64
2497	65
2498	60
2499	59
2500	18
2501	7
2502	3
2503	12
2504	17
2505	39
2506	40
2507	5
2508	43
2509	56
2510	31
2511	15
2512	11
2513	40
2514	24
2515	17
2516	47
2517	42
2518	38
2519	55
2520	39
2521	37
2522	7
2523	26
2524	43
2525	58
2526	18
2527	44
2528	46
2529	58
2530	29
2531	4
2532	7
2533	17
2534	17
2535	14
2536	39
2537	6
2538	57
2539	30
2540	29
2541	2
2542	8
2543	64
2544	3
2545	62
2546	47
2547	11
2548	65
2549	1
2550	28
2551	35
2552	6
2553	27
2554	41
2555	21
2556	57
2557	44
2558	24
2559	57
2560	9
2561	38
2562	34
2563	47
2564	55
2565	48
2566	63
2567	18
2568	12
2569	24
2570	58
2571	26
2572	15
2573	27
2574	24
2575	42
2576	64
2577	53
2578	14
2579	7
2580	48
2581	4
2582	63
2583	18
2584	8
2585	0
2586	18
2587	63
2588	35
2589	55
2590	11
2591	5
2592	38
2593	63
2594	0
2595	33
2596	54
2597	49
2598	6
2599	22
2600	24
2601	64
2602	32
2603	54
2604	11
2605	15
2606	54
2607	65
2608	25
2609	24
2610	4
2611	30
2612	12
2613	5
2614	32
2615	64
2616	39
2617	58
2618	31
2619	8
2620	33
2621	32
2622	37
2623	47
2624	58
2625	62
2626	54
2627	18
2628	7
2629	51
2630	18
2631	59
2632	58
2633	23
2634	27
2635	4
2636	7
2637	25
2638	32
2639	6
2640	65
2641	48
2642	26
2643	39
2644	58
2645	3
2646	7
2647	10
2648	25
2649	61
2650	12
2651	40
2652	30
2653	10
2654	3
2655	6
2656	43
2657	60
2658	36
2659	65
2660	38
2661	11
2662	60
2663	0
2664	43
2665	23
2666	2
2667	2
2668	5
2669	33
2670	20
2671	57
2672	30
2673	58
2674	20
2675	40
2676	45
2677	65
2678	41
2679	41
2680	60
2681	62
2682	40
2683	54
2684	57
2685	3
2686	44
2687	18
2688	37
2689	14
2690	42
2691	23
2692	25
2693	34
2694	25
2695	33
2696	61
2697	46
2698	11
2699	53
2700	60
2701	27
2702	5
2703	11
2704	33
2705	65
2706	61
2707	34
2708	9
2709	44
2710	39
2711	9
2712	2
2713	14
2714	59
2715	27
2716	1
2717	57
2718	7
2719	17
2720	3
2721	62
2722	4
2723	46
2724	57
2725	27
2726	64
2727	42
2728	28
2729	65
2730	16
2731	63
2732	50
2733	6
2734	35
2735	24
2736	5
2737	43
2738	6
2739	10
2740	32
2741	33
2742	65
2743	24
2744	22
2745	52
2746	2
2747	5
2748	19
2749	8
2750	26
2751	6
2752	21
2753	4
2754	35
2755	52
2756	40
2757	58
2758	45
2759	63
2760	34
2761	20
2762	61
2763	44
2764	13
2765	29
2766	64
2767	58
2768	51
2769	56
2770	49
2771	4
2772	51
2773	12
2774	32
2775	48
2776	15
2777	29
2778	41
2779	30
2780	36
2781	60
2782	57
2783	40
2784	45
2785	10
2786	58
2787	12
2788	37
2789	51
2790	52
2791	9
2792	58
2793	3
2794	36
2795	58
2796	36
2797	38
2798	28
2799	47
2800	6
2801	16
2802	58
2803	5
2804	60
2805	18
2806	46
2807	36
2808	0
2809	44
2810	45
2811	57
2812	60
2813	8
2814	13
2815	30
2816	0
2817	25
2818	26
2819	57
2820	49
2821	43
2822	46
2823	0
2824	43
2825	4
2826	48
2827	57
2828	64
2829	0
2830	4
2831	63
2832	42
2833	30
2834	52
2835	59
2836	45
2837	50
2838	23
2839	19
2840	18
2841	8
2842	38
2843	32
2844	16
2845	37
2846	34
2847	43
2848	34
2849	37
2850	45
2851	18
2852	21
2853	58
2854	30
2855	37
2856	24
2857	58
2858	38
2859	33
2860	8
2861	41
2862	30
2863	65
2864	24
2865	29
2866	52
2867	53
2868	18
2869	51
2870	44
2871	20
2872	4
2873	37
2874	39
2875	35
2876	48
2877	27
2878	41
2879	25
2880	62
2881	37
2882	58
2883	48
2884	41
2885	43
2886	37
2887	37
2888	60
2889	12
2890	26
2891	51
2892	51
2893	29
2894	58
2895	13
2896	33
2897	27
2898	33
2899	11
2900	3
2901	22
2902	48
2903	26
2904	58
2905	8
2906	65
2907	6
2908	9
2909	23
2910	5
2911	20
2912	39
2913	64
2914	31
2915	43
2916	13
2917	27
2918	35
2919	29
2920	57
2921	61
2922	33
2923	52
2924	63
2925	22
2926	32
2927	35
2928	54
2929	53
2930	58
2931	27
2932	52
2933	46
2934	1
2935	30
2936	6
2937	16
2938	60
2939	4
2940	52
2941	43
2942	6
2943	13
2944	11
2945	29
2946	32
2947	43
2948	58
2949	51
2950	34
2951	24
2952	23
2953	53
2954	7
2955	25
2956	27
2957	52
2958	59
2959	31
2960	38
2961	8
2962	33
2963	25
2964	51
2965	39
2966	59
2967	12
2968	2
2969	52
2970	11
2971	22
2972	32
2973	5
2974	31
2975	53
2976	8
2977	27
2978	29
2979	17
2980	43
2981	65
2982	17
2983	11
2984	2
2985	12
2986	57
2987	13
2988	63
2989	47
2990	36
2991	11
2992	3
2993	13
2994	53
2995	26
2996	51
2997	15
2998	58
2999	51
3000	4
3001	37
3002	51
3003	9
3004	4
3005	56
3006	23
3007	23
3008	34
3009	36
3010	39
3011	63
3012	47
3013	43
3014	33
3015	59
3016	11
3017	40
3018	57
3019	20
3020	55
3021	21
3022	54
3023	63
3024	33
3025	61
3026	41
3027	43
3028	19
3029	49
3030	27
3031	51
3032	44
3033	21
3034	40
3035	64
3036	47
3037	7
3038	61
3039	1
3040	46
3041	59
3042	47
3043	55
3044	9
3045	3
3046	57
3047	12
3048	33
3049	60
3050	46
3051	63
3052	8
3053	40
3054	5
3055	8
3056	51
3057	28
3058	57
3059	52
3060	39
3061	17
3062	10
3063	18
3064	10
3065	8
3066	12
3067	25
3068	12
3069	25
3070	42
3071	9
3072	27
3073	62
3074	57
3075	42
3076	43
3077	37
3078	61
3079	5
3080	15
3081	29
3082	36
3083	9
3084	13
3085	1
3086	48
3087	5
3088	35
3089	42
3090	38
3091	12
3092	31
3093	39
3094	59
3095	65
3096	22
3097	28
3098	40
3099	40
3100	63
3101	33
3102	24
3103	49
3104	29
3105	45
3106	11
3107	3
3108	27
3109	29
3110	43
3111	34
3112	18
3113	46
3114	33
3115	62
3116	50
3117	49
3118	9
3119	41
3120	0
3121	24
3122	23
3123	8
3124	16
3125	25
3126	19
3127	37
3128	50
3129	16
3130	37
3131	10
3132	53
3133	34
3134	8
3135	3
3136	25
3137	1
3138	6
3139	55
3140	45
3141	1
3142	37
3143	61
3144	54
3145	6
3146	5
3147	5
3148	14
3149	29
3150	33
3151	1
3152	13
3153	18
3154	6
3155	48
3156	56
3157	49
3158	43
3159	53
3160	35
3161	0
3162	17
3163	47
3164	4
3165	13
3166	57
3167	51
3168	16
3169	47
3170	7
3171	42
3172	56
3173	33
3174	2
3175	41
3176	48
3177	24
3178	35
3179	28
3180	31
3181	37
3182	26
3183	39
3184	44
3185	56
3186	61
3187	30
3188	37
3189	36
3190	49
3191	32
3192	5
3193	9
3194	40
3195	17
3196	12
3197	21
3198	10
3199	7
3200	15
3201	51
3202	29
3203	15
3204	43
3205	5
3206	3
3207	42
3208	38
3209	37
3210	24
3211	19
3212	28
3213	25
3214	25
3215	20
3216	9
3217	12
3218	44
3219	20
3220	34
3221	63
3222	65
3223	54
3224	54
3225	7
3226	7
3227	11
3228	33
3229	46
3230	44
3231	0
3232	1
3233	23
3234	64
3235	29
3236	38
3237	19
3238	28
3239	54
3240	11
3241	7
3242	28
3243	23
3244	13
3245	61
3246	13
3247	46
3248	31
3249	56
3250	1
3251	45
3252	65
3253	8
3254	61
3255	31
3256	7
3257	26
3258	41
3259	47
3260	48
3261	26
3262	7
3263	9
3264	28
3265	22
3266	13
3267	19
3268	51
3269	11
3270	50
3271	27
3272	37
3273	13
3274	54
3275	4
3276	21
3277	8
3278	14
3279	63
3280	45
3281	63
3282	44
3283	42
3284	30
3285	57
3286	33
3287	15
3288	32
3289	56
3290	35
3291	64
3292	1
3293	38
3294	42
3295	46
3296	19
3297	12
3298	26
3299	38
3300	21
3301	5
3302	14
3303	9
3304	5
3305	2
3306	27
3307	2
3308	26
3309	8
3310	31
3311	47
3312	1
3313	24
3314	57
3315	22
3316	16
3317	9
3318	37
3319	55
3320	64
3321	7
3322	1
3323	57
3324	9
3325	30
3326	53
3327	33
3328	43
3329	45
3330	2
3331	21
3332	32
3333	63
3334	5
3335	18
3336	62
3337	53
3338	35
3339	0
3340	24
3341	50
3342	49
3343	35
3344	17
3345	34
3346	18
3347	29
3348	25
3349	1
3350	4
3351	8
3352	27
3353	64
3354	25
3355	11
3356	38
3357	59
3358	54
3359	22
3360	2
3361	63
3362	11
3363	34
3364	22
3365	49
3366	4
3367	61
3368	28
3369	26
3370	32
3371	44
3372	34
3373	34
3374	44
3375	3
3376	62
3377	29
3378	0
3379	0
3380	61
3381	8
3382	52
3383	60
3384	40
3385	39
3386	59
3387	22
3388	51
3389	46
3390	64
3391	38
3392	3
3393	43
3394	60
3395	32
3396	58
3397	1
3398	47
3399	18
3400	13
3401	35
3402	26
3403	3
3404	13
3405	60
3406	7
3407	27
3408	56
3409	28
3410	22
3411	63
3412	4
3413	11
3414	43
3415	62
3416	18
3417	23
3418	16
3419	39
3420	25
3421	38
3422	31
3423	29
3424	33
3425	15
3426	42
3427	45
3428	47
3429	5
3430	62
3431	4
3432	35
3433	20
3434	19
3435	62
3436	64
3437	32
3438	56
3439	6
3440	26
3441	46
3442	21
3443	40
3444	29
3445	1
3446	22
3447	61
3448	51
3449	29
3450	51
3451	24
3452	55
3453	50
3454	47
3455	52
3456	65
3457	19
3458	53
3459	22
3460	49
3461	10
3462	4
3463	48
3464	11
3465	35
3466	34
3467	35
3468	9
3469	51
3470	25
3471	9
3472	13
3473	13
3474	13
3475	17
3476	22
3477	59
3478	62
3479	23
3480	38
3481	40
3482	39
3483	58
3484	51
3485	39
3486	7
3487	35
3488	61
3489	3
3490	50
3491	8
3492	6
3493	4
3494	28
3495	25
3496	36
3497	28
3498	25
3499	59
3500	5
3501	17
3502	7
3503	35
3504	59
3505	23
3506	2
3507	35
3508	52
3509	52
3510	41
3511	57
3512	52
3513	63
3514	44
3515	19
3516	15
3517	12
3518	65
3519	16
3520	2
3521	29
3522	24
3523	41
3524	14
3525	58
3526	4
3527	3
3528	26
3529	50
3530	48
3531	58
3532	7
3533	29
3534	40
3535	23
3536	56
3537	47
3538	40
3539	31
3540	0
3541	47
3542	2
3543	52
3544	0
3545	47
3546	51
3547	53
3548	15
3549	0
3550	47
3551	22
3552	13
3553	21
3554	0
3555	29
3556	22
3557	25
3558	30
3559	29
3560	51
3561	25
3562	56
3563	23
3564	9
3565	0
3566	19
3567	64
3568	51
3569	46
3570	56
3571	48
3572	30
3573	4
3574	11
3575	46
3576	28
3577	64
3578	14
3579	20
3580	44
3581	19
3582	31
3583	50
3584	14
3585	19
3586	46
3587	33
3588	60
3589	1
3590	5
3591	12
3592	35
3593	11
3594	8
3595	15
3596	57
3597	40
3598	5
3599	10
3600	34
3601	51
3602	10
3603	15
3604	46
3605	38
3606	41
3607	49
3608	57
3609	51
3610	19
3611	27
3612	34
3613	16
3614	6
3615	61
3616	16
3617	60
3618	11
3619	65
3620	7
3621	34
3622	43
3623	17
3624	39
3625	40
3626	38
3627	37
3628	27
3629	32
3630	26
3631	58
3632	14
3633	33
3634	47
3635	28
3636	27
3637	25
3638	42
3639	9
3640	26
3641	34
3642	16
3643	28
3644	12
3645	5
3646	63
3647	57
3648	44
3649	61
3650	47
3651	50
3652	26
3653	36
3654	29
3655	26
3656	17
3657	50
3658	1
3659	61
3660	40
3661	61
3662	44
3663	1
3664	41
3665	57
3666	8
3667	14
3668	2
3669	28
3670	29
3671	18
3672	30
3673	19
3674	45
3675	57
3676	35
3677	64
3678	35
3679	21
3680	52
3681	62
3682	29
3683	48
3684	1
3685	45
3686	32
3687	8
3688	40
3689	53
3690	51
3691	18
3692	49
3693	58
3694	8
3695	55
3696	54
3697	38
3698	8
3699	58
3700	54
3701	1
3702	39
3703	43
3704	7
3705	17
3706	53
3707	64
3708	52
3709	34
3710	30
3711	19
3712	57
3713	34
3714	24
3715	15
3716	17
3717	6
3718	10
3719	6
3720	20
3721	43
3722	18
3723	65
3724	33
3725	51
3726	28
3727	21
3728	65
3729	1
3730	8
3731	41
3732	38
3733	59
3734	63
3735	15
3736	57
3737	25
3738	25
3739	34
3740	15
3741	10
3742	8
3743	10
3744	15
3745	31
3746	40
3747	18
3748	38
3749	64
3750	29
3751	4
3752	44
3753	6
3754	26
3755	60
3756	53
3757	36
3758	3
3759	60
3760	18
3761	38
3762	45
3763	65
3764	2
3765	46
3766	61
3767	29
3768	10
3769	47
3770	31
3771	2
3772	11
3773	29
3774	7
3775	59
3776	43
3777	15
3778	52
3779	24
3780	14
3781	33
3782	33
3783	54
3784	6
3785	35
3786	45
3787	27
3788	39
3789	15
3790	13
3791	7
3792	11
3793	58
3794	25
3795	40
3796	61
3797	47
3798	17
3799	36
3800	60
3801	3
3802	14
3803	16
3804	5
3805	40
3806	59
3807	2
3808	63
3809	61
3810	58
3811	64
3812	55
3813	11
3814	34
3815	16
3816	27
3817	14
3818	56
3819	0
3820	57
3821	26
3822	62
3823	16
3824	26
3825	53
3826	6
3827	64
3828	31
3829	9
3830	29
3831	52
3832	52
3833	20
3834	61
3835	41
3836	62
3837	58
3838	23
3839	64
3840	65
3841	53
3842	25
3843	63
3844	24
3845	61
3846	46
3847	35
3848	26
3849	52
3850	51
3851	22
3852	50
3853	44
3854	28
3855	0
3856	57
3857	17
3858	48
3859	21
3860	2
3861	20
3862	48
3863	40
3864	59
3865	64
3866	34
3867	17
3868	34
3869	43
3870	28
3871	62
3872	28
3873	44
3874	54
3875	52
3876	15
3877	58
3878	43
3879	35
3880	60
3881	37
3882	21
3883	37
3884	61
3885	15
3886	30
3887	24
3888	10
3889	61
3890	26
3891	35
3892	26
3893	31
3894	28
3895	30
3896	43
3897	45
3898	0
3899	30
3900	22
3901	8
3902	27
3903	7
3904	38
3905	31
3906	53
3907	25
3908	58
3909	64
3910	45
3911	24
3912	64
3913	48
3914	26
3915	28
3916	15
3917	22
3918	29
3919	65
3920	19
3921	29
3922	38
3923	47
3924	30
3925	41
3926	3
3927	50
3928	5
3929	20
3930	7
3931	48
3932	25
3933	18
3934	6
3935	41
3936	44
3937	64
3938	12
3939	22
3940	1
3941	16
3942	49
3943	49
3944	40
3945	12
3946	32
3947	28
3948	58
3949	57
3950	37
3951	26
3952	30
3953	8
3954	61
3955	16
3956	44
3957	21
3958	1
3959	46
3960	52
3961	6
3962	34
3963	47
3964	10
3965	35
3966	13
3967	5
3968	23
3969	33
3970	2
3971	63
3972	43
3973	34
3974	55
3975	39
3976	26
3977	1
3978	3
3979	33
3980	54
3981	45
3982	26
3983	12
3984	14
3985	13
3986	24
3987	6
3988	15
3989	48
3990	7
3991	49
3992	59
3993	14
3994	59
3995	50
3996	9
3997	15
3998	63
3999	33
4000	30
4001	58
4002	4
4003	51
4004	24
4005	9
4006	16
4007	45
4008	46
4009	32
4010	30
4011	18
4012	57
4013	44
4014	47
4015	8
4016	28
4017	22
4018	39
4019	29
4020	29
4021	54
4022	62
4023	26
4024	47
4025	12
4026	64
4027	57
4028	5
4029	37
4030	53
4031	5
4032	59
4033	38
4034	43
4035	53
4036	5
4037	3
4038	11
4039	12
4040	13
4041	41
4042	46
4043	5
4044	38
4045	2
4046	60
4047	36
4048	40
4049	28
4050	18
4051	59
4052	12
4053	48
4054	59
4055	38
4056	41
4057	27
4058	45
4059	44
4060	53
4061	10
4062	29
4063	65
4064	15
4065	46
4066	7
4067	36
4068	18
4069	7
4070	64
4071	3
4072	7
4073	38
4074	60
4075	61
4076	1
4077	40
4078	36
4079	50
4080	20
4081	13
4082	36
4083	7
4084	48
4085	30
4086	33
4087	55
4088	33
4089	52
4090	63
4091	4
4092	5
4093	45
4094	4
4095	7
4096	54
4097	12
4098	54
4099	52
4100	18
4101	46
4102	12
4103	5
4104	23
4105	48
4106	16
4107	18
4108	5
4109	58
4110	14
4111	16
4112	32
4113	48
4114	53
4115	56
4116	31
4117	35
4118	26
4119	57
4120	61
4121	32
4122	36
4123	55
4124	24
4125	31
4126	18
4127	57
4128	8
4129	15
4130	42
4131	64
4132	40
4133	40
4134	60
4135	21
4136	12
4137	39
4138	9
4139	65
4140	10
4141	19
4142	49
4143	49
4144	9
4145	58
4146	39
4147	61
4148	25
4149	17
4150	60
4151	48
4152	52
4153	19
4154	11
4155	38
4156	23
4157	36
4158	35
4159	30
4160	56
4161	55
4162	58
4163	52
4164	42
4165	9
4166	28
4167	42
4168	54
4169	32
4170	8
4171	0
4172	22
4173	38
4174	23
4175	62
4176	6
4177	3
4178	63
4179	58
4180	60
4181	3
4182	43
4183	26
4184	44
4185	50
4186	18
4187	39
4188	39
4189	54
4190	15
4191	52
4192	52
4193	42
4194	28
4195	56
4196	33
4197	11
4198	39
4199	30
4200	36
4201	30
4202	20
4203	65
4204	31
4205	12
4206	6
4207	62
4208	51
4209	12
4210	25
4211	27
4212	24
4213	29
4214	63
4215	54
4216	46
4217	18
4218	54
4219	55
4220	25
4221	4
4222	4
4223	26
4224	52
4225	59
4226	61
4227	43
4228	17
4229	0
4230	13
4231	11
4232	47
4233	53
4234	48
4235	65
4236	46
4237	10
4238	24
4239	65
4240	31
4241	65
4242	30
4243	15
4244	50
4245	23
4246	55
4247	31
4248	12
4249	36
4250	19
4251	65
4252	31
4253	15
4254	37
4255	47
4256	33
4257	17
4258	21
4259	63
4260	57
4261	31
4262	7
4263	57
4264	11
4265	38
4266	4
4267	34
4268	36
4269	31
4270	53
4271	51
4272	46
4273	55
4274	54
4275	25
4276	23
4277	50
4278	34
4279	29
4280	36
4281	4
4282	41
4283	26
4284	18
4285	38
4286	33
4287	7
4288	8
4289	12
4290	22
4291	5
4292	42
4293	11
4294	43
4295	55
4296	9
4297	29
4298	7
4299	51
4300	15
4301	56
4302	42
4303	36
4304	31
4305	44
4306	43
4307	47
4308	64
4309	45
4310	31
4311	13
4312	36
4313	3
4314	18
4315	40
4316	44
4317	2
4318	28
4319	2
4320	12
4321	41
4322	62
4323	46
4324	18
4325	9
4326	65
4327	12
4328	52
4329	53
4330	16
4331	6
4332	56
4333	4
4334	43
4335	9
4336	6
4337	40
4338	23
4339	24
4340	65
4341	35
4342	24
4343	53
4344	44
4345	1
4346	65
4347	5
4348	54
4349	52
4350	22
4351	58
4352	18
4353	8
4354	1
4355	58
4356	50
4357	48
4358	0
4359	16
4360	65
4361	23
4362	19
4363	45
4364	65
4365	27
4366	7
4367	47
4368	47
4369	57
4370	54
4371	46
4372	27
4373	18
4374	46
4375	60
4376	58
4377	43
4378	5
4379	45
4380	19
4381	21
4382	36
4383	25
4384	22
4385	2
4386	21
4387	35
4388	18
4389	55
4390	40
4391	51
4392	35
4393	65
4394	57
4395	7
4396	58
4397	2
4398	10
4399	43
4400	9
4401	30
4402	59
4403	13
4404	29
4405	33
4406	33
4407	16
4408	44
4409	20
4410	34
4411	28
4412	18
4413	63
4414	40
4415	36
4416	31
4417	55
4418	48
4419	7
4420	36
4421	9
4422	59
4423	22
4424	60
4425	13
4426	27
4427	58
4428	36
4429	63
4430	27
4431	34
4432	58
4433	59
4434	2
4435	27
4436	29
4437	61
4438	39
4439	7
4440	62
4441	60
4442	4
4443	24
4444	51
4445	57
4446	46
4447	48
4448	15
4449	16
4450	11
4451	46
4452	60
4453	9
4454	47
4455	49
4456	21
4457	24
4458	18
4459	50
4460	36
4461	57
4462	9
4463	7
4464	9
4465	7
4466	57
4467	43
4468	24
4469	21
4470	13
4471	26
4472	13
4473	55
4474	65
4475	33
4476	18
4477	17
4478	60
4479	5
4480	2
4481	62
4482	26
4483	65
4484	60
4485	15
4486	14
4487	9
4488	48
4489	42
4490	50
4491	50
4492	17
4493	16
4494	18
4495	65
4496	25
4497	36
4498	39
4499	46
4500	43
4501	23
4502	58
4503	26
4504	47
4505	56
4506	60
4507	13
4508	35
4509	13
4510	6
4511	30
4512	34
4513	11
4514	50
4515	30
4516	2
4517	27
4518	27
4519	47
4520	29
4521	62
4522	25
4523	45
4524	43
4525	52
4526	36
4527	21
4528	58
4529	22
4530	6
4531	64
4532	64
4533	30
4534	39
4535	48
4536	28
4537	55
4538	24
4539	4
4540	22
4541	17
4542	65
4543	33
4544	2
4545	36
4546	7
4547	35
4548	7
4549	64
4550	48
4551	1
4552	24
4553	26
4554	27
4555	23
4556	6
4557	0
4558	35
4559	33
4560	42
4561	3
4562	6
4563	36
4564	48
4565	58
4566	1
4567	14
4568	7
4569	53
4570	14
4571	50
4572	63
4573	48
4574	38
4575	58
4576	2
4577	14
4578	36
4579	32
4580	59
4581	32
4582	61
4583	12
4584	34
4585	44
4586	32
4587	13
4588	52
4589	33
4590	11
4591	62
4592	4
4593	34
4594	33
4595	2
4596	15
4597	17
4598	20
4599	8
4600	45
4601	30
4602	38
4603	0
4604	19
4605	32
4606	29
4607	52
4608	9
4609	19
4610	16
4611	10
4612	2
4613	13
4614	5
4615	32
4616	6
4617	31
4618	58
4619	30
4620	41
4621	64
4622	27
4623	28
4624	19
4625	61
4626	33
4627	60
4628	59
4629	32
4630	3
4631	26
4632	23
4633	18
4634	31
4635	0
4636	37
4637	57
4638	21
4639	15
4640	45
4641	21
4642	26
4643	35
4644	62
4645	53
4646	52
4647	17
4648	9
4649	18
4650	7
4651	25
4652	18
4653	16
4654	52
4655	14
4656	35
4657	35
4658	27
4659	49
4660	35
4661	26
4662	35
4663	59
4664	12
4665	29
4666	18
4667	14
4668	62
4669	40
4670	15
4671	52
4672	6
4673	23
4674	28
4675	27
4676	46
4677	32
4678	50
4679	17
4680	33
4681	63
4682	18
4683	8
4684	51
4685	45
4686	8
4687	8
4688	26
4689	9
4690	1
4691	44
4692	37
4693	12
4694	49
4695	61
4696	43
4697	12
4698	12
4699	57
4700	41
4701	9
4702	53
4703	53
4704	4
4705	64
4706	41
4707	20
4708	21
4709	26
4710	34
4711	44
4712	2
4713	57
4714	19
4715	29
4716	35
4717	17
4718	47
4719	53
4720	41
4721	26
4722	59
4723	15
4724	43
4725	30
4726	56
4727	62
4728	10
4729	12
4730	55
4731	40
4732	44
4733	1
4734	12
4735	18
4736	59
4737	23
4738	23
4739	11
4740	26
4741	23
4742	61
4743	31
4744	55
4745	35
4746	40
4747	36
4748	36
4749	59
4750	19
4751	24
4752	7
4753	17
4754	58
4755	43
4756	38
4757	6
4758	61
4759	46
4760	29
4761	53
4762	17
4763	64
4764	40
4765	1
4766	12
4767	35
4768	57
4769	63
4770	63
4771	38
4772	36
4773	2
4774	22
4775	55
4776	27
4777	14
4778	18
4779	11
4780	3
4781	36
4782	63
4783	61
4784	48
4785	7
4786	2
4787	6
4788	35
4789	14
4790	22
4791	60
4792	6
4793	65
4794	30
4795	37
4796	25
4797	24
4798	29
4799	51
4800	20
4801	20
4802	40
4803	54
4804	64
4805	34
4806	0
4807	19
4808	64
4809	1
4810	5
4811	56
4812	3
4813	41
4814	60
4815	17
4816	12
4817	14
4818	46
4819	31
4820	46
4821	4
4822	63
4823	23
4824	34
4825	28
4826	44
4827	46
4828	21
4829	8
4830	19
4831	62
4832	1
4833	2
4834	0
4835	36
4836	21
4837	35
4838	4
4839	9
4840	57
4841	54
4842	35
4843	50
4844	52
4845	38
4846	21
4847	32
4848	31
4849	62
4850	38
4851	38
4852	14
4853	30
4854	59
4855	41
4856	41
4857	40
4858	45
4859	37
4860	21
4861	37
4862	13
4863	60
4864	11
4865	38
4866	43
4867	49
4868	46
4869	0
4870	45
4871	6
4872	17
4873	43
4874	65
4875	7
4876	35
4877	3
4878	61
4879	9
4880	60
4881	8
4882	51
4883	64
4884	60
4885	49
4886	37
4887	38
4888	25
4889	16
4890	53
4891	51
4892	18
4893	50
4894	32
4895	29
4896	3
4897	35
4898	48
4899	54
4900	51
4901	47
4902	65
4903	58
4904	29
4905	40
4906	61
4907	14
4908	27
4909	41
4910	59
4911	37
4912	47
4913	54
4914	57
4915	65
4916	52
4917	7
4918	57
4919	30
4920	7
4921	23
4922	34
4923	3
4924	59
4925	63
4926	51
4927	6
4928	24
4929	12
4930	61
4931	17
4932	39
4933	50
4934	16
4935	46
4936	27
4937	59
4938	52
4939	7
4940	17
4941	22
4942	34
4943	26
4944	43
4945	24
4946	35
4947	0
4948	2
4949	4
4950	13
4951	44
4952	55
4953	15
4954	40
4955	25
4956	40
4957	6
4958	13
4959	31
4960	36
4961	49
4962	28
4963	35
4964	45
4965	15
4966	34
4967	60
4968	32
4969	42
4970	61
4971	32
4972	40
4973	53
4974	42
4975	50
4976	62
4977	60
4978	0
4979	39
4980	32
4981	5
4982	24
4983	39
4984	46
4985	6
4986	64
4987	51
4988	31
4989	20
4990	43
4991	61
4992	49
4993	11
4994	24
4995	2
4996	65
4997	33
4998	42
4999	41
5000	14
5001	58
5002	4
5003	43
5004	44
5005	17
5006	3
5007	4
5008	10
5009	30
5010	65
5011	32
5012	65
5013	31
5014	9
5015	43
5016	45
5017	16
5018	58
5019	1
5020	64
5021	26
5022	26
5023	52
5024	52
5025	57
5026	4
5027	62
5028	44
5029	42
5030	23
5031	11
5032	15
5033	36
5034	19
5035	4
5036	53
5037	47
5038	18
5039	2
5040	52
5041	33
5042	61
5043	13
5044	41
5045	39
5046	60
5047	33
5048	56
5049	0
5050	48
5051	35
5052	47
5053	16
5054	26
5055	58
5056	19
5057	6
5058	18
5059	23
5060	3
5061	17
5062	51
5063	0
5064	43
5065	1
5066	19
5067	11
5068	48
5069	12
5070	61
5071	27
5072	0
5073	36
5074	0
5075	50
5076	3
5077	10
5078	14
5079	25
5080	35
5081	28
5082	54
5083	53
5084	32
5085	59
5086	52
5087	2
5088	10
5089	50
5090	9
5091	52
5092	54
5093	27
5094	29
5095	20
5096	45
5097	4
5098	28
5099	59
5100	41
5101	53
5102	45
5103	55
5104	15
5105	1
5106	16
5107	51
5108	21
5109	5
5110	36
5111	43
5112	63
5113	47
5114	5
5115	29
5116	34
5117	38
5118	29
5119	33
5120	36
5121	49
5122	9
5123	47
5124	51
5125	16
5126	24
5127	6
5128	8
5129	39
5130	25
5131	7
5132	24
5133	4
5134	62
5135	15
5136	5
5137	46
5138	23
5139	60
5140	36
5141	22
5142	20
5143	20
5144	32
5145	8
5146	24
5147	5
5148	2
5149	6
5150	46
5151	34
5152	64
5153	28
5154	54
5155	56
5156	37
5157	2
5158	26
5159	39
5160	58
5161	28
5162	63
5163	34
5164	22
5165	37
5166	1
5167	61
5168	45
5169	24
5170	11
5171	54
5172	17
5173	34
5174	15
5175	13
5176	29
5177	52
5178	2
5179	60
5180	65
5181	57
5182	60
5183	5
5184	21
5185	20
5186	3
5187	42
5188	54
5189	13
5190	49
5191	14
5192	23
5193	45
5194	9
5195	40
5196	41
5197	14
5198	42
5199	50
5200	29
5201	8
5202	48
5203	6
5204	38
5205	24
5206	54
5207	53
5208	32
5209	1
5210	18
5211	63
5212	53
5213	33
5214	18
5215	4
5216	46
5217	19
5218	49
5219	57
5220	64
5221	58
5222	64
5223	1
5224	32
5225	43
5226	12
5227	25
5228	22
5229	52
5230	59
5231	18
5232	16
5233	51
5234	17
5235	6
5236	11
5237	62
5238	47
5239	64
5240	9
5241	40
5242	34
5243	8
5244	42
5245	65
5246	65
5247	49
5248	14
5249	2
5250	43
5251	45
5252	53
5253	26
5254	65
5255	1
5256	65
5257	3
5258	20
5259	41
5260	26
5261	9
5262	55
5263	28
5264	64
5265	54
5266	57
5267	10
5268	22
5269	56
5270	11
5271	29
5272	12
5273	55
5274	34
5275	8
5276	38
5277	52
5278	39
5279	27
5280	56
5281	2
5282	5
5283	26
5284	0
5285	59
5286	35
5287	63
5288	40
5289	11
5290	21
5291	9
5292	3
5293	57
5294	38
5295	40
5296	3
5297	55
5298	16
5299	34
5300	5
5301	7
5302	41
5303	12
5304	19
5305	9
5306	31
5307	0
5308	6
5309	58
5310	1
5311	22
5312	41
5313	31
5314	42
5315	60
5316	55
5317	58
5318	47
5319	2
5320	6
5321	52
5322	12
5323	55
5324	60
5325	57
5326	11
5327	23
5328	23
5329	62
5330	53
5331	36
5332	46
5333	31
5334	30
5335	29
5336	36
5337	33
5338	46
5339	5
5340	40
5341	0
5342	9
5343	11
5344	44
5345	58
5346	60
5347	65
5348	42
5349	22
5350	8
5351	38
5352	47
5353	12
5354	29
5355	4
5356	9
5357	6
5358	45
5359	3
5360	25
5361	7
5362	44
5363	61
5364	43
5365	62
5366	55
5367	23
5368	13
5369	60
5370	16
5371	3
5372	40
5373	35
5374	57
5375	0
5376	10
5377	23
5378	11
5379	20
5380	64
5381	8
5382	2
5383	19
5384	61
5385	27
5386	47
5387	11
5388	48
5389	57
5390	47
5391	50
5392	20
5393	27
5394	24
5395	43
5396	54
5397	28
5398	2
5399	8
5400	22
5401	8
5402	51
5403	33
5404	55
5405	39
5406	8
5407	3
5408	25
5409	34
5410	10
5411	2
5412	63
5413	7
5414	39
5415	21
5416	56
5417	35
5418	12
5419	62
5420	2
5421	47
5422	50
5423	50
5424	34
5425	13
5426	14
5427	40
5428	0
5429	21
5430	31
5431	65
5432	20
5433	0
5434	52
5435	39
5436	9
5437	38
5438	61
5439	19
5440	40
5441	10
5442	51
5443	3
5444	12
5445	10
5446	57
5447	38
5448	64
5449	21
5450	32
5451	4
5452	13
5453	38
5454	56
5455	13
5456	7
5457	28
5458	50
5459	45
5460	56
5461	4
5462	47
5463	41
5464	4
5465	43
5466	35
5467	5
5468	1
5469	40
5470	0
5471	5
5472	30
5473	57
5474	35
5475	13
5476	36
5477	53
5478	32
5479	43
5480	38
5481	25
5482	57
5483	61
5484	30
5485	13
5486	33
5487	1
5488	27
5489	36
5490	5
5491	1
5492	40
5493	61
5494	10
5495	46
5496	31
5497	44
5498	19
5499	32
5500	7
5501	61
5502	45
5503	28
5504	55
5505	59
5506	3
5507	9
5508	59
5509	52
5510	38
5511	47
5512	51
5513	63
5514	7
5515	57
5516	14
5517	25
5518	11
5519	37
5520	41
5521	60
5522	55
5523	35
5524	40
5525	14
5526	24
5527	16
5528	23
5529	65
5530	41
5531	31
5532	35
5533	41
5534	12
5535	27
5536	14
5537	31
5538	46
5539	33
5540	9
5541	33
5542	53
5543	42
5544	2
5545	14
5546	6
5547	36
5548	43
5549	32
5550	50
5551	52
5552	12
5553	41
5554	31
5555	38
5556	56
5557	48
5558	21
5559	62
5560	4
5561	13
5562	36
5563	57
5564	4
5565	13
5566	51
5567	25
5568	29
5569	50
5570	31
5571	44
5572	48
5573	38
5574	34
5575	52
5576	5
5577	0
5578	4
5579	1
5580	54
5581	19
5582	52
5583	65
5584	7
5585	22
5586	41
5587	21
5588	28
5589	24
5590	61
5591	31
5592	42
5593	33
5594	0
5595	27
5596	56
5597	56
5598	3
5599	50
5600	38
5601	39
5602	51
5603	31
5604	61
5605	3
5606	27
5607	16
5608	49
5609	26
5610	53
5611	40
5612	55
5613	53
5614	6
5615	18
5616	12
5617	62
5618	51
5619	50
5620	60
5621	61
5622	17
5623	55
5624	26
5625	47
5626	9
5627	61
5628	39
5629	13
5630	44
5631	59
5632	29
5633	14
5634	7
5635	0
5636	12
5637	25
5638	36
5639	0
5640	25
5641	23
5642	0
5643	19
5644	44
5645	53
5646	55
5647	6
5648	42
5649	51
5650	35
5651	49
5652	24
5653	22
5654	65
5655	1
5656	58
5657	46
5658	35
5659	56
5660	13
5661	64
5662	28
5663	18
5664	63
5665	42
5666	6
5667	43
5668	56
5669	51
5670	32
5671	56
5672	42
5673	18
5674	18
5675	33
5676	65
5677	45
5678	61
5679	35
5680	50
5681	65
5682	42
5683	43
5684	2
5685	52
5686	45
5687	39
5688	3
5689	36
5690	19
5691	59
5692	33
5693	6
5694	34
5695	13
5696	36
5697	59
5698	26
5699	57
5700	11
5701	31
5702	46
5703	37
5704	17
5705	61
5706	65
5707	58
5708	60
5709	59
5710	38
5711	5
5712	8
5713	34
5714	40
5715	6
5716	31
5717	33
5718	58
5719	8
5720	15
5721	19
5722	59
5723	46
5724	30
5725	7
5726	26
5727	5
5728	54
5729	6
5730	24
5731	62
5732	28
5733	62
5734	55
5735	60
5736	42
5737	5
5738	52
5739	58
5740	61
5741	53
5742	40
5743	4
5744	54
5745	33
5746	2
5747	43
5748	65
5749	35
5750	37
5751	28
5752	19
5753	0
5754	32
5755	18
5756	2
5757	24
5758	34
5759	35
5760	58
5761	26
5762	28
5763	52
5764	21
5765	11
5766	48
5767	55
5768	57
5769	65
5770	38
5771	8
5772	5
5773	39
5774	19
5775	63
5776	44
5777	32
5778	3
5779	8
5780	41
5781	1
5782	16
5783	60
5784	28
5785	28
5786	1
5787	53
5788	8
5789	15
5790	47
5791	27
5792	60
5793	42
5794	48
5795	50
5796	47
5797	31
5798	41
5799	31
5800	43
5801	63
5802	0
5803	65
5804	46
5805	18
5806	41
5807	40
5808	50
5809	45
5810	20
5811	28
5812	23
5813	18
5814	44
5815	59
5816	24
5817	19
5818	46
5819	8
5820	44
5821	51
5822	1
5823	22
5824	26
5825	41
5826	32
5827	0
5828	25
5829	34
5830	32
5831	51
5832	63
5833	12
5834	37
5835	35
5836	1
5837	8
5838	18
5839	26
5840	60
5841	24
5842	24
5843	20
5844	1
5845	17
5846	31
5847	59
5848	7
5849	14
5850	60
5851	21
5852	17
5853	32
5854	34
5855	64
5856	56
5857	47
5858	15
5859	0
5860	5
5861	46
5862	2
5863	24
5864	50
5865	2
5866	30
5867	49
5868	28
5869	43
5870	16
5871	1
5872	61
5873	37
5874	18
5875	39
5876	2
5877	9
5878	58
5879	38
5880	45
5881	8
5882	28
5883	31
5884	62
5885	47
5886	33
5887	21
5888	62
5889	22
5890	24
5891	50
5892	8
5893	62
5894	18
5895	27
5896	19
5897	23
5898	3
5899	27
5900	44
5901	51
5902	5
5903	60
5904	32
5905	1
5906	5
5907	7
5908	41
5909	14
5910	8
5911	9
5912	38
5913	41
5914	60
5915	53
5916	35
5917	11
5918	53
5919	29
5920	6
5921	51
5922	6
5923	46
5924	29
5925	41
5926	60
5927	9
5928	45
5929	12
5930	52
5931	34
5932	11
5933	2
5934	7
5935	55
5936	49
5937	16
5938	22
5939	40
5940	1
5941	34
5942	44
5943	14
5944	7
5945	26
5946	56
5947	14
5948	15
5949	16
5950	35
5951	12
5952	36
5953	26
5954	38
5955	41
5956	65
5957	50
5958	36
5959	48
5960	43
5961	32
5962	64
5963	30
5964	56
5965	32
5966	38
5967	7
5968	56
5969	19
5970	17
5971	20
5972	52
5973	53
5974	60
5975	40
5976	1
5977	19
5978	45
5979	51
5980	61
5981	35
5982	61
5983	53
5984	46
5985	35
5986	0
5987	61
5988	12
5989	43
5990	17
5991	3
5992	32
5993	20
5994	44
5995	11
5996	7
5997	56
5998	8
5999	63
6000	56
6001	14
6002	19
6003	63
6004	48
6005	42
6006	30
6007	17
6008	45
6009	40
6010	43
6011	23
6012	42
6013	49
6014	64
6015	15
6016	25
6017	32
6018	51
6019	54
6020	9
6021	4
6022	10
6023	2
6024	32
6025	61
6026	41
6027	18
6028	27
6029	34
6030	9
6031	44
6032	8
6033	52
6034	13
6035	51
6036	11
6037	7
6038	59
6039	60
6040	2
6041	57
6042	2
6043	49
6044	30
6045	16
6046	28
6047	64
6048	1
6049	33
6050	7
6051	29
6052	39
6053	0
6054	63
6055	44
6056	10
6057	22
6058	26
6059	0
6060	49
6061	48
6062	60
6063	29
6064	15
6065	64
6066	50
6067	28
6068	8
6069	10
6070	4
6071	11
6072	16
6073	58
6074	40
6075	38
6076	32
6077	26
6078	34
6079	45
6080	8
6081	4
6082	51
6083	36
6084	35
6085	34
6086	41
6087	17
6088	40
6089	30
6090	62
6091	41
6092	18
6093	58
6094	36
6095	28
6096	2
6097	50
6098	63
6099	3
6100	7
6101	26
6102	62
6103	8
6104	2
6105	20
6106	31
6107	12
6108	61
6109	35
6110	0
6111	32
6112	47
6113	24
6114	30
6115	43
6116	33
6117	25
6118	13
6119	49
6120	60
6121	36
6122	18
6123	35
6124	29
6125	14
6126	43
6127	27
6128	16
6129	6
6130	16
6131	7
6132	3
6133	44
6134	61
6135	33
6136	46
6137	59
6138	23
6139	49
6140	39
6141	33
6142	28
6143	16
6144	50
6145	51
6146	50
6147	17
6148	9
6149	54
6150	15
6151	26
6152	59
6153	33
6154	37
6155	21
6156	4
6157	8
6158	25
6159	2
6160	60
6161	0
6162	24
6163	21
6164	42
6165	7
6166	2
6167	61
6168	35
6169	41
6170	61
6171	9
6172	32
6173	16
6174	8
6175	55
6176	48
6177	1
6178	7
6179	65
6180	18
6181	17
6182	65
6183	39
6184	28
6185	42
6186	59
6187	46
6188	28
6189	29
6190	65
6191	10
6192	39
6193	32
6194	24
6195	29
6196	24
6197	63
6198	6
6199	0
6200	25
6201	2
6202	41
6203	35
6204	29
6205	32
6206	42
6207	21
6208	17
6209	46
6210	35
6211	9
6212	34
6213	41
6214	2
6215	62
6216	46
6217	19
6218	33
6219	58
6220	24
6221	59
6222	57
6223	16
6224	49
6225	31
6226	8
6227	41
6228	34
6229	30
6230	59
6231	17
6232	17
6233	10
6234	11
6235	0
6236	24
6237	0
6238	43
6239	64
6240	16
6241	50
6242	55
6243	35
6244	27
6245	30
6246	48
6247	27
6248	19
6249	65
6250	25
6251	7
6252	29
6253	12
6254	42
6255	56
6256	36
6257	0
6258	9
6259	60
6260	31
6261	8
6262	60
6263	21
6264	17
6265	55
6266	38
6267	39
6268	12
6269	23
6270	12
6271	24
6272	14
6273	50
6274	47
6275	9
6276	16
6277	8
6278	5
6279	61
6280	56
6281	61
6282	54
6283	1
6284	41
6285	0
6286	6
6287	23
6288	41
6289	26
6290	12
6291	35
6292	47
6293	41
6294	48
6295	34
6296	19
6297	15
6298	6
6299	20
6300	30
6301	31
6302	26
6303	52
6304	61
6305	35
6306	57
6307	3
6308	1
6309	50
6310	12
6311	49
6312	64
6313	22
6314	47
6315	44
6316	65
6317	39
6318	54
6319	59
6320	53
6321	31
6322	32
6323	48
6324	12
6325	5
6326	8
6327	19
6328	0
6329	60
6330	12
6331	36
6332	3
6333	61
6334	42
6335	29
6336	58
6337	25
6338	20
6339	12
6340	59
6341	52
6342	6
6343	52
6344	50
6345	34
6346	11
6347	43
6348	15
6349	9
6350	29
6351	47
6352	18
6353	38
6354	28
6355	21
6356	6
6357	12
6358	57
6359	29
6360	61
6361	14
6362	49
6363	36
6364	37
6365	19
6366	24
6367	2
6368	55
6369	59
6370	36
6371	52
6372	2
6373	33
6374	24
6375	9
6376	53
6377	56
6378	20
6379	9
6380	46
6381	31
6382	60
6383	59
6384	35
6385	65
6386	20
6387	18
6388	38
6389	22
6390	51
6391	58
6392	19
6393	49
6394	58
6395	43
6396	26
6397	20
6398	17
6399	39
6400	5
6401	59
6402	34
6403	25
6404	61
6405	59
6406	40
6407	19
6408	43
6409	25
6410	13
6411	59
6412	34
6413	53
6414	54
6415	57
6416	60
6417	15
6418	54
6419	9
6420	26
6421	35
6422	61
6423	14
6424	2
6425	9
6426	57
6427	29
6428	56
6429	28
6430	17
6431	44
6432	40
6433	37
6434	6
6435	31
6436	5
6437	24
6438	57
6439	8
6440	24
6441	45
6442	54
6443	59
6444	28
6445	32
6446	46
6447	59
6448	34
6449	12
6450	5
6451	3
6452	33
6453	14
6454	13
6455	0
6456	35
6457	36
6458	18
6459	29
6460	53
6461	10
6462	19
6463	44
6464	10
6465	16
6466	40
6467	8
6468	40
6469	53
6470	27
6471	35
6472	64
6473	23
6474	61
6475	51
6476	57
6477	40
6478	5
6479	5
6480	3
6481	60
6482	65
6483	50
6484	11
6485	33
6486	38
6487	49
6488	53
6489	27
6490	25
6491	51
6492	51
6493	17
6494	48
6495	45
6496	14
6497	9
6498	41
6499	18
6500	13
6501	16
6502	46
6503	38
6504	32
6505	32
6506	34
6507	49
6508	41
6509	25
6510	57
6511	28
6512	34
6513	19
6514	5
6515	34
6516	19
6517	54
6518	5
6519	44
6520	8
6521	62
6522	47
6523	28
6524	35
6525	50
6526	15
6527	60
6528	35
6529	18
6530	24
6531	36
6532	25
6533	26
6534	40
6535	36
6536	65
6537	20
6538	10
6539	17
6540	51
6541	52
6542	10
6543	54
6544	49
6545	63
6546	6
6547	10
6548	64
6549	62
6550	12
6551	30
6552	47
6553	51
6554	46
6555	51
6556	52
6557	1
6558	54
6559	15
6560	0
6561	1
6562	13
6563	6
6564	47
6565	53
6566	40
6567	50
6568	18
6569	62
6570	33
6571	63
6572	55
6573	34
6574	25
6575	6
6576	13
6577	13
6578	16
6579	63
6580	43
6581	40
6582	24
6583	44
6584	59
6585	39
6586	46
6587	21
6588	2
6589	30
6590	63
6591	32
6592	43
6593	43
6594	54
6595	35
6596	57
6597	30
6598	62
6599	53
6600	41
6601	25
6602	36
6603	59
6604	59
6605	1
6606	25
6607	62
6608	58
6609	40
6610	26
6611	60
6612	26
6613	22
6614	20
6615	53
6616	3
6617	10
6618	56
6619	55
6620	55
6621	59
6622	37
6623	13
6624	34
6625	50
6626	45
6627	44
6628	65
6629	6
6630	54
6631	60
6632	21
6633	50
6634	1
6635	6
6636	27
6637	16
6638	49
6639	54
6640	16
6641	23
6642	1
6643	35
6644	36
6645	4
6646	36
6647	36
6648	42
6649	53
6650	50
6651	15
6652	25
6653	56
6654	32
6655	39
6656	42
6657	53
6658	4
6659	7
6660	4
6661	11
6662	2
6663	46
6664	14
6665	24
6666	22
6667	36
6668	23
6669	43
6670	16
6671	4
6672	27
6673	22
6674	24
6675	19
6676	6
6677	2
6678	26
6679	6
6680	47
6681	51
6682	16
6683	59
6684	60
6685	49
6686	47
6687	5
6688	14
6689	47
6690	50
6691	17
6692	37
6693	50
6694	48
6695	58
6696	51
6697	18
6698	5
6699	5
6700	16
6701	23
6702	65
6703	35
6704	45
6705	31
6706	53
6707	53
6708	0
6709	56
6710	29
6711	14
6712	12
6713	57
6714	39
6715	14
6716	47
6717	14
6718	52
6719	16
6720	8
6721	16
6722	26
6723	47
6724	12
6725	31
6726	35
6727	24
6728	61
6729	55
6730	5
6731	17
6732	61
6733	9
6734	39
6735	44
6736	43
6737	4
6738	40
6739	26
6740	0
6741	18
6742	57
6743	46
6744	29
6745	13
6746	8
6747	56
6748	45
6749	7
6750	48
6751	25
6752	27
6753	20
6754	40
6755	52
6756	62
6757	54
6758	10
6759	19
6760	29
6761	29
6762	36
6763	20
6764	23
6765	34
6766	62
6767	58
6768	57
6769	7
6770	62
6771	10
6772	0
6773	31
6774	43
6775	6
6776	2
6777	58
6778	47
6779	4
6780	61
6781	5
6782	35
6783	59
6784	25
6785	46
6786	23
6787	37
6788	42
6789	52
6790	30
6791	5
6792	21
6793	17
6794	12
6795	61
6796	28
6797	60
6798	36
6799	26
6800	9
6801	41
6802	48
6803	29
6804	65
6805	14
6806	1
6807	59
6808	7
6809	34
6810	30
6811	34
6812	25
6813	34
6814	38
6815	44
6816	50
6817	8
6818	65
6819	34
6820	42
6821	8
6822	24
6823	61
6824	41
6825	37
6826	8
6827	4
6828	8
6829	17
6830	57
6831	57
6832	36
6833	56
6834	26
6835	36
6836	35
6837	22
6838	29
6839	7
6840	33
6841	7
6842	33
6843	44
6844	6
6845	16
6846	28
6847	35
6848	25
6849	11
6850	60
6851	18
6852	2
6853	28
6854	53
6855	13
6856	0
6857	4
6858	36
6859	28
6860	61
6861	44
6862	34
6863	47
6864	23
6865	61
6866	8
6867	0
6868	63
6869	0
6870	37
6871	28
6872	45
6873	49
6874	52
6875	19
6876	59
6877	50
6878	12
6879	36
6880	7
6881	7
6882	21
6883	34
6884	2
6885	17
6886	15
6887	7
6888	61
6889	62
6890	3
6891	52
6892	57
6893	25
6894	48
6895	56
6896	23
6897	28
6898	15
6899	65
6900	20
6901	27
6902	1
6903	13
6904	49
6905	14
6906	1
6907	4
6908	28
6909	57
6910	13
6911	32
6912	6
6913	20
6914	54
6915	20
6916	51
6917	65
6918	31
6919	24
6920	28
6921	12
6922	60
6923	35
6924	41
6925	6
6926	18
6927	54
6928	21
6929	48
6930	27
6931	19
6932	22
6933	18
6934	65
6935	7
6936	3
6937	8
6938	29
6939	45
6940	25
6941	39
6942	32
6943	39
6944	55
6945	65
6946	63
6947	46
6948	39
6949	35
6950	49
6951	26
6952	26
6953	30
6954	38
6955	39
6956	13
6957	57
6958	49
6959	3
6960	30
6961	18
6962	27
6963	49
6964	8
6965	4
6966	4
6967	44
6968	4
6969	53
6970	6
6971	20
6972	58
6973	4
6974	61
6975	23
6976	4
6977	60
6978	9
6979	39
6980	35
6981	13
6982	42
6983	0
6984	26
6985	15
6986	41
6987	39
6988	2
6989	6
6990	42
6991	32
6992	42
6993	11
6994	40
6995	36
6996	57
6997	15
6998	62
6999	13
7000	50
7001	55
7002	43
7003	61
7004	21
7005	12
7006	27
7007	43
7008	40
7009	17
7010	65
7011	20
7012	25
7013	34
7014	58
7015	27
7016	16
7017	42
7018	40
7019	1
7020	21
7021	6
7022	53
7023	31
7024	47
7025	45
7026	30
7027	35
7028	26
7029	21
7030	33
7031	39
7032	36
7033	4
7034	54
7035	0
7036	27
7037	48
7038	6
7039	57
7040	48
7041	46
7042	22
7043	52
7044	29
7045	4
7046	34
7047	3
7048	19
7049	29
7050	50
7051	51
7052	60
7053	31
7054	39
7055	0
7056	13
7057	21
7058	27
7059	55
7060	63
7061	58
7062	26
7063	61
7064	44
7065	37
7066	57
7067	26
7068	29
7069	8
7070	27
7071	49
7072	0
7073	8
7074	48
7075	9
7076	9
7077	13
7078	64
7079	56
7080	3
7081	21
7082	41
7083	20
7084	49
7085	50
7086	42
7087	1
7088	64
7089	13
7090	22
7091	53
7092	22
7093	1
7094	38
7095	19
7096	6
7097	1
7098	2
7099	6
7100	4
7101	12
7102	20
7103	52
7104	59
7105	4
7106	3
7107	41
7108	3
7109	40
7110	22
7111	58
7112	12
7113	41
7114	51
7115	35
7116	59
7117	28
7118	57
7119	10
7120	57
7121	56
7122	5
7123	36
7124	8
7125	61
7126	0
7127	57
7128	2
7129	14
7130	22
7131	10
7132	55
7133	18
7134	29
7135	52
7136	12
7137	63
7138	15
7139	5
7140	46
7141	1
7142	25
7143	41
7144	2
7145	10
7146	12
7147	40
7148	29
7149	48
7150	34
7151	63
7152	33
7153	43
7154	27
7155	45
7156	37
7157	27
7158	32
7159	18
7160	22
7161	1
7162	35
7163	5
7164	17
7165	45
7166	27
7167	12
7168	12
7169	57
7170	62
7171	47
7172	7
7173	24
7174	20
7175	16
7176	33
7177	10
7178	33
7179	3
7180	9
7181	62
7182	64
7183	5
7184	4
7185	37
7186	41
7187	35
7188	1
7189	50
7190	51
7191	35
7192	54
7193	65
7194	20
7195	52
7196	43
7197	26
7198	60
7199	33
7200	51
7201	33
7202	23
7203	0
7204	15
7205	48
7206	16
7207	31
7208	2
7209	22
7210	37
7211	4
7212	8
7213	1
7214	8
7215	16
7216	56
7217	54
7218	27
7219	54
7220	28
7221	42
7222	35
7223	21
7224	31
7225	43
7226	0
7227	52
7228	49
7229	3
7230	29
7231	24
7232	53
7233	60
7234	16
7235	56
7236	34
7237	34
7238	61
7239	29
7240	28
7241	42
7242	53
7243	42
7244	57
7245	12
7246	33
7247	43
7248	49
7249	38
7250	63
7251	13
7252	35
7253	34
7254	56
7255	50
7256	39
7257	15
7258	46
7259	9
7260	10
7261	37
7262	13
7263	33
7264	1
7265	47
7266	55
7267	11
7268	6
7269	24
7270	2
7271	6
7272	54
7273	45
7274	60
7275	40
7276	62
7277	34
7278	37
7279	12
7280	1
7281	15
7282	49
7283	45
7284	26
7285	34
7286	53
7287	29
7288	5
7289	5
7290	36
7291	54
7292	24
7293	24
7294	61
7295	27
7296	62
7297	61
7298	4
7299	33
7300	62
7301	6
7302	25
7303	65
7304	55
7305	15
7306	23
7307	46
7308	59
7309	55
7310	44
7311	37
7312	14
7313	51
7314	62
7315	20
7316	45
7317	37
7318	61
7319	43
7320	42
7321	35
7322	9
7323	52
7324	43
7325	42
7326	52
7327	65
7328	13
7329	12
7330	49
7331	1
7332	41
7333	36
7334	55
7335	33
7336	41
7337	14
7338	14
7339	58
7340	11
7341	23
7342	59
7343	22
7344	46
7345	30
7346	40
7347	27
7348	34
7349	22
7350	33
7351	18
7352	25
7353	33
7354	65
7355	55
7356	19
7357	6
7358	10
7359	11
7360	55
7361	22
7362	49
7363	14
7364	45
7365	45
7366	2
7367	62
7368	33
7369	1
7370	19
7371	53
7372	49
7373	54
7374	40
7375	56
7376	0
7377	63
7378	5
7379	10
7380	0
7381	49
7382	47
7383	58
7384	16
7385	56
7386	28
7387	45
7388	26
7389	32
7390	25
7391	53
7392	29
7393	40
7394	58
7395	2
7396	2
7397	33
7398	11
7399	17
7400	18
7401	53
7402	62
7403	26
7404	57
7405	52
7406	59
7407	53
7408	32
7409	28
7410	47
7411	20
7412	25
7413	23
7414	6
7415	35
7416	52
7417	37
7418	29
7419	54
7420	62
7421	0
7422	26
7423	38
7424	4
7425	30
7426	28
7427	43
7428	9
7429	48
7430	44
7431	34
7432	48
7433	1
7434	27
7435	13
7436	8
7437	50
7438	37
7439	60
7440	46
7441	63
7442	4
7443	46
7444	8
7445	4
7446	43
7447	61
7448	59
7449	61
7450	32
7451	24
7452	43
7453	2
7454	8
7455	61
7456	0
7457	11
7458	55
7459	11
7460	23
7461	6
7462	19
7463	40
7464	31
7465	60
7466	34
7467	19
7468	65
7469	65
7470	27
7471	54
7472	33
7473	13
7474	22
7475	46
7476	57
7477	38
7478	2
7479	58
7480	11
7481	50
7482	47
7483	1
7484	4
7485	54
7486	38
7487	46
7488	50
7489	57
7490	55
7491	25
7492	60
7493	19
7494	40
7495	56
7496	24
7497	0
7498	58
7499	16
7500	56
7501	1
7502	15
7503	50
7504	48
7505	16
7506	64
7507	1
7508	47
7509	22
7510	50
7511	59
7512	24
7513	52
7514	10
7515	8
7516	2
7517	4
7518	54
7519	20
7520	56
7521	31
7522	29
7523	17
7524	3
7525	12
7526	54
7527	42
7528	51
7529	0
7530	62
7531	27
7532	20
7533	61
7534	54
7535	27
7536	17
7537	12
7538	56
7539	43
7540	1
7541	50
7542	64
7543	1
7544	20
7545	43
7546	22
7547	22
7548	22
7549	47
7550	52
7551	39
7552	34
7553	58
7554	52
7555	47
7556	24
7557	20
7558	10
7559	33
7560	41
7561	45
7562	34
7563	49
7564	20
7565	54
7566	50
7567	53
7568	33
7569	38
7570	16
7571	37
7572	42
7573	48
7574	45
7575	54
7576	19
7577	55
7578	56
7579	46
7580	1
7581	51
7582	41
7583	44
7584	42
7585	32
7586	8
7587	14
7588	34
7589	4
7590	2
7591	23
7592	24
7593	4
7594	8
7595	1
7596	19
7597	62
7598	15
7599	30
7600	59
7601	61
7602	39
7603	12
7604	25
7605	35
7606	0
7607	18
7608	55
7609	31
7610	18
7611	46
7612	43
7613	8
7614	63
7615	18
7616	4
7617	13
7618	31
7619	58
7620	56
7621	30
7622	60
7623	54
7624	25
7625	33
7626	23
7627	61
7628	3
7629	58
7630	41
7631	6
7632	14
7633	48
7634	6
7635	63
7636	45
7637	48
7638	37
7639	60
7640	34
7641	11
7642	64
7643	57
7644	0
7645	5
7646	41
7647	15
7648	24
7649	62
7650	57
7651	7
7652	48
7653	41
7654	27
7655	63
7656	24
7657	8
7658	36
7659	27
7660	54
7661	2
7662	65
7663	35
7664	18
7665	4
7666	42
7667	1
7668	62
7669	14
7670	1
7671	49
7672	43
7673	39
7674	25
7675	0
7676	60
7677	58
7678	18
7679	11
7680	32
7681	7
7682	10
7683	21
7684	41
7685	13
7686	53
7687	23
7688	25
7689	45
7690	14
7691	39
7692	53
7693	54
7694	34
7695	60
7696	6
7697	23
7698	38
7699	12
7700	14
7701	28
7702	23
7703	9
7704	15
7705	57
7706	24
7707	10
7708	18
7709	61
7710	28
7711	41
7712	4
7713	62
7714	50
7715	21
7716	39
7717	6
7718	34
7719	16
7720	44
7721	0
7722	33
7723	36
7724	12
7725	25
7726	5
7727	11
7728	44
7729	19
7730	28
7731	16
7732	52
7733	56
7734	29
7735	58
7736	31
7737	44
7738	5
7739	24
7740	11
7741	0
7742	19
7743	37
7744	19
7745	10
7746	34
7747	43
7748	64
7749	40
7750	49
7751	11
7752	40
7753	54
7754	51
7755	42
7756	6
7757	45
7758	61
7759	16
7760	27
7761	64
7762	62
7763	65
7764	12
7765	34
7766	43
7767	27
7768	25
7769	34
7770	19
7771	21
7772	41
7773	29
7774	22
7775	3
7776	62
7777	5
7778	8
7779	38
7780	61
7781	30
7782	40
7783	1
7784	8
7785	22
7786	12
7787	18
7788	13
7789	56
7790	13
7791	42
7792	39
7793	52
7794	64
7795	38
7796	33
7797	51
7798	29
7799	28
7800	37
7801	14
7802	4
7803	6
7804	18
7805	9
7806	34
7807	20
7808	57
7809	47
7810	45
7811	37
7812	22
7813	57
7814	23
7815	44
7816	0
7817	1
7818	28
7819	32
7820	42
7821	65
7822	49
7823	65
7824	34
7825	57
7826	49
7827	22
7828	59
7829	8
7830	7
7831	63
7832	37
7833	49
7834	31
7835	11
7836	37
7837	10
7838	0
7839	39
7840	64
7841	8
7842	45
7843	54
7844	39
7845	27
7846	49
7847	61
7848	31
7849	59
7850	50
7851	28
7852	59
7853	56
7854	29
7855	11
7856	31
7857	58
7858	52
7859	33
7860	52
7861	0
7862	14
7863	22
7864	38
7865	8
7866	46
7867	25
7868	43
7869	19
7870	38
7871	4
7872	3
7873	34
7874	27
7875	64
7876	63
7877	54
7878	14
7879	56
7880	46
7881	34
7882	62
7883	58
7884	22
7885	21
7886	8
7887	24
7888	23
7889	12
7890	32
7891	5
7892	62
7893	36
7894	17
7895	46
7896	26
7897	10
7898	54
7899	46
7900	6
7901	27
7902	32
7903	50
7904	47
7905	42
7906	63
7907	54
7908	57
7909	60
7910	34
7911	20
7912	6
7913	33
7914	40
7915	45
7916	39
7917	19
7918	1
7919	32
7920	5
7921	29
7922	49
7923	60
7924	22
7925	47
7926	44
7927	32
7928	33
7929	65
7930	2
7931	41
7932	25
7933	6
7934	39
7935	64
7936	57
7937	29
7938	34
7939	50
7940	23
7941	40
7942	13
7943	64
7944	1
7945	4
7946	23
7947	49
7948	43
7949	26
7950	17
7951	58
7952	60
7953	38
7954	46
7955	63
7956	57
7957	7
7958	36
7959	35
7960	26
7961	39
7962	45
7963	14
7964	55
7965	17
7966	25
7967	15
7968	27
7969	47
7970	65
7971	51
7972	32
7973	22
7974	63
7975	3
7976	25
7977	55
7978	59
7979	38
7980	57
7981	12
7982	34
7983	52
7984	57
7985	52
7986	37
7987	30
7988	20
7989	3
7990	30
7991	12
7992	45
7993	18
7994	39
7995	10
7996	4
7997	35
7998	11
7999	13
8000	0
8001	15
8002	40
8003	20
8004	63
8005	34
8006	52
8007	33
8008	28
8009	17
8010	5
8011	12
8012	57
8013	53
8014	7
8015	47
8016	14
8017	21
8018	56
8019	29
8020	65
8021	27
8022	60
8023	37
8024	38
8025	29
8026	11
8027	5
8028	46
8029	7
8030	24
8031	11
8032	3
8033	31
8034	37
8035	42
8036	24
8037	36
8038	1
8039	20
8040	31
8041	57
8042	15
8043	30
8044	35
8045	30
8046	8
8047	40
8048	14
8049	46
8050	40
8051	52
8052	40
8053	27
8054	31
8055	33
8056	36
8057	52
8058	37
8059	39
8060	26
8061	0
8062	50
8063	34
8064	47
8065	55
8066	56
8067	40
8068	4
8069	4
8070	56
8071	48
8072	27
8073	61
8074	45
8075	43
8076	47
8077	12
8078	20
8079	12
8080	29
8081	53
8082	60
8083	44
8084	22
8085	27
8086	44
8087	5
8088	32
8089	60
8090	57
8091	37
8092	0
8093	41
8094	21
8095	29
8096	10
8097	46
8098	23
8099	33
8100	10
8101	51
8102	22
8103	33
8104	40
8105	40
8106	55
8107	51
8108	25
8109	7
8110	9
8111	26
8112	38
8113	55
8114	35
8115	24
8116	47
8117	35
8118	1
8119	18
8120	5
8121	50
8122	4
8123	5
8124	58
8125	19
8126	42
8127	0
8128	12
8129	55
8130	55
8131	61
8132	33
8133	35
8134	13
8135	19
8136	14
8137	3
8138	48
8139	11
8140	22
8141	15
8142	54
8143	64
8144	2
8145	40
8146	46
8147	48
8148	49
8149	2
8150	18
8151	61
8152	6
8153	61
8154	11
8155	10
8156	52
8157	45
8158	38
8159	23
8160	15
8161	34
8162	5
8163	16
8164	65
8165	44
8166	54
8167	8
8168	5
8169	18
8170	47
8171	19
8172	43
8173	29
8174	55
8175	37
8176	13
8177	62
8178	15
8179	48
8180	58
8181	32
8182	36
8183	19
8184	14
8185	34
8186	6
8187	45
8188	51
8189	28
8190	32
8191	6
8192	55
8193	17
8194	55
8195	21
8196	1
8197	10
8198	53
8199	17
8200	45
8201	38
8202	0
8203	15
8204	9
8205	46
8206	41
8207	64
8208	18
8209	10
8210	24
8211	27
8212	52
8213	57
8214	20
8215	44
8216	27
8217	20
8218	0
8219	33
8220	60
8221	25
8222	43
8223	42
8224	25
8225	65
8226	63
8227	21
8228	34
8229	54
8230	23
8231	46
8232	14
8233	31
8234	12
8235	13
8236	25
8237	46
8238	8
8239	50
8240	46
8241	56
8242	53
8243	45
8244	39
8245	14
8246	43
8247	64
8248	3
8249	28
8250	14
8251	31
8252	7
8253	28
8254	60
8255	43
8256	17
8257	56
8258	5
8259	1
8260	26
8261	16
8262	20
8263	41
8264	61
8265	64
8266	41
8267	3
8268	24
8269	43
8270	65
8271	32
8272	54
8273	13
8274	44
8275	64
8276	38
8277	58
8278	0
8279	9
8280	42
8281	4
8282	41
8283	51
8284	4
8285	0
8286	51
8287	23
8288	40
8289	58
8290	14
8291	25
8292	11
8293	34
8294	10
8295	32
8296	62
8297	63
8298	13
8299	57
8300	60
8301	13
8302	13
8303	43
8304	6
8305	0
8306	22
8307	44
8308	30
8309	20
8310	8
8311	16
8312	57
8313	24
8314	59
8315	33
8316	9
8317	7
8318	5
8319	45
8320	53
8321	25
8322	46
8323	20
8324	28
8325	58
8326	59
8327	13
8328	22
8329	6
8330	12
8331	31
8332	62
8333	11
8334	64
8335	29
8336	63
8337	61
8338	9
8339	52
8340	61
